20
=== Case 1 ===
2 3
0 6
7 1 4
=== Case 2 ===
3 2
4 0 5
7 4
=== Case 3 ===
5 5
2 1 3 3 1
6 2 1 3 0
=== Case 4 ===
2 2
4 7
5 0
=== Case 5 ===
1 4
7
3 6 1 2
=== Case 6 ===
2 2
6 0
6 9
=== Case 7 ===
1 2
0
1 1
=== Case 8 ===
5 5
6 9 9 5 0
1 6 4 8 9
=== Case 9 ===
2 4
9 3
6 1 6 0
=== Case 10 ===
2 3
7 9
1 5 8
=== Case 11 ===
2 1
7 1
1
=== Case 12 ===
1 3
4
4 4 2
=== Case 13 ===
1 1
8
2
=== Case 14 ===
1 1
6
2
=== Case 15 ===
3 5
0 1 2
2 3 6 5 8
=== Case 16 ===
1 3
3
5 4 3
=== Case 17 ===
5 4
0 3 4 1 6
7 5 9 5
=== Case 18 ===
2 5
1 7
1 7 0 0 4
=== Case 19 ===
4 2
3 8 7 9
2 6
=== Case 20 ===
4 2
3 1 8 6
9 0
