100
550 514
461 165
625 451
337 30
872 558
926 251
709 361
37 4
21 15
991 2
931 611
463 32
740 379
943 921
462 387
212 212
620 424
886 189
349 342
11 8
219 115
417 114
537 127
829 220
243 37
337 265
432 103
361 62
17 12
412 347
164 23
546 541
646 339
731 58
356 290
918 249
30 26
205 36
491 156
474 107
204 34
258 80
961 316
510 359
977 9
159 6
895 774
275 265
486 315
238 148
98 17
472 343
193 112
44 15
61 49
767 341
31 20
252 103
699 15
672 11
34 6
815 613
886 597
468 243
797 23
268 103
563 79
725 655
767 518
437 280
990 526
443 351
284 278
715 417
807 356
656 232
567 191
767 334
262 142
879 808
642 340
657 32
589 420
311 217
149 143
533 293
655 416
862 258
21 6
271 189
313 288
18 13
452 257
387 170
722 43
475 341
114 91
272 222
1000 500
999 356
