20
25 73
23 44 -15 -22 8 5 -22 26 94 64 -6 10 20 71 -55 35 -40 44 -35 -100 62 13 -52 34 94 
33 -54
-31 73 57 -24 -55 -50 11 24 59 -84 52 -16 60 16 78 -80 -65 48 -35 71 59 59 86 9 21 -2 7 -96 -59 -39 0 -40 -67 
93 6
-72 -43 -53 52 -85 -87 4 -1 74 70 -74 94 -96 24 -92 25 -68 17 -39 41 88 59 -52 92 -100 9 -8 -90 -8 -2 47 20 55 45 -78 70 58 -24 -82 31 -55 -56 -26 100 19 -68 -25 51 50 36 -8 37 -56 -10 -21 95 99 21 -95 -60 -82 52 10 24 -54 32 -57 -96 58 -38 -15 53 -44 10 3 75 42 78 26 -59 -37 68 29 7 -43 -93 2 -95 28 7 96 -4 -92 
60 81
-45 88 -37 -41 45 -25 44 -52 31 -47 51 -44 46 28 82 37 91 -1 -35 -3 6 -78 99 11 0 -45 6 47 -36 -90 66 19 48 79 28 -57 -47 -29 -9 35 -25 -59 91 71 19 22 -43 -41 -80 -27 56 26 -5 5 87 46 10 -8 -8 74 
25 -1
-58 51 87 70 94 90 92 -16 24 -84 -25 14 87 94 86 -57 -48 -95 16 58 -19 62 -88 -33 7 
33 62
49 -54 12 56 -11 -88 42 -42 -95 32 100 -61 -95 -85 -36 -30 -99 -93 -45 96 -91 -39 -39 67 -8 73 30 10 -71 -98 69 78 99 
42 49
-13 -58 -75 -4 98 7 -5 87 13 11 -50 83 -38 -43 -63 -93 -34 -52 -31 84 -9 -59 13 -100 -29 -35 19 99 -37 50 32 1 42 8 47 40 -86 -59 26 -23 2 77 
69 -14
84 -53 22 -50 -55 41 -67 -14 33 -4 -14 -97 11 56 52 74 5 -16 -76 -54 42 71 36 6 63 -38 84 -36 89 93 29 72 90 -49 72 86 42 -96 -29 -26 -50 8 -73 61 -37 80 -15 68 -87 9 64 55 -20 0 -40 -58 12 94 -44 -50 87 36 72 26 37 44 11 -22 -2 
95 52
49 -60 30 -41 3 9 44 -80 -28 -47 84 -74 -17 -67 -63 -25 -5 -70 -19 -5 67 -84 -33 -7 53 61 54 82 -42 -14 -16 57 26 -87 -84 -72 -27 10 -52 -5 63 83 -28 96 66 9 -30 -39 -11 52 6 -44 18 73 -1 -79 -17 -48 -98 42 39 -64 -52 -36 100 -86 -57 -78 25 -59 18 -63 -77 90 -67 40 -52 -47 51 37 -96 -44 43 -27 80 -59 -6 -38 -6 -54 54 83 -68 -98 97 
90 82
90 -46 -9 -69 72 29 -96 11 62 44 59 -86 -6 -55 70 51 89 93 30 -71 -14 92 -27 -18 -4 -95 14 -2 -98 45 -36 92 49 56 73 -30 -16 78 81 96 21 -11 60 -85 35 29 16 23 21 -55 2 57 87 26 89 -18 31 2 30 -17 98 45 -75 -4 0 98 67 34 75 -3 -21 -4 37 -62 -39 -29 18 77 44 -62 72 96 46 58 21 34 91 -98 87 -30 
54 -62
-86 10 -71 14 8 46 98 -68 -57 -24 -22 80 15 39 -100 83 -35 -6 71 -64 -11 16 45 -90 -100 -15 63 87 55 -53 -30 70 8 -1 -67 66 -55 82 98 -62 -93 -24 -83 -28 65 68 -46 81 -39 -75 -84 50 41 11 
78 63
96 -28 -73 1 -30 -3 -80 78 97 -97 43 92 85 -10 -71 93 66 97 -36 -19 64 -31 -39 75 -6 -73 -26 85 39 85 -24 -16 -94 3 35 -24 51 5 -47 -3 9 46 -12 -57 -64 -33 86 52 -87 -100 83 27 -31 -57 1 63 -79 75 -3 60 9 73 94 16 -74 -21 92 77 84 96 -27 -8 -9 11 -14 27 28 -29 
57 -25
-79 -39 -83 -10 -45 18 -98 -24 -58 0 86 52 -78 29 -83 -52 -93 59 75 92 54 98 -17 -55 -42 19 22 86 41 51 -24 62 63 -7 -98 -83 61 55 -57 -97 -96 -72 5 -73 57 22 -75 65 -70 51 6 35 -2 89 30 57 -42 
27 51
99 -98 69 60 15 -89 62 32 73 -33 25 26 -29 3 81 -52 -41 2 -26 74 -18 75 -21 -84 -28 -82 46 
101 79
98 21 -26 50 -61 84 -36 -100 -4 46 73 63 -80 -52 -67 23 -72 -18 32 -20 6 -44 63 -20 35 79 2 3 25 31 29 -28 -99 53 72 91 -13 -65 91 83 31 14 -5 51 62 28 -27 41 60 55 -80 -85 -90 83 -55 -4 12 48 99 -64 -72 -22 -42 80 -70 -71 20 17 -36 -40 -51 45 74 44 -55 -14 -78 18 -74 32 -78 97 48 -67 80 43 29 -59 -60 -23 -23 -82 55 35 48 36 64 -33 -98 78 28 
41 64
-49 96 17 -13 68 85 -37 0 -94 -40 98 -61 90 -10 68 -70 31 96 -43 49 50 92 -53 -65 5 14 -62 -68 92 -10 4 94 -65 -80 -20 -97 -96 44 -47 -90 54 
74 -81
43 40 68 73 -80 13 80 70 -37 71 67 -2 -75 -20 -14 -43 -78 76 61 -85 62 81 -5 65 35 89 -83 45 42 -83 45 -16 57 -37 -94 78 76 86 -3 89 6 -37 -63 31 -7 23 38 15 -51 -52 30 -90 -72 76 25 13 64 -8 -42 -44 9 53 40 -85 66 -3 93 -8 -68 -61 -20 39 -48 -33 
19 14
41 8 -90 90 56 -9 50 35 -34 -26 -53 80 66 -45 -65 -26 59 26 -61 
64 10
-68 -85 -96 -79 -54 -7 -26 13 13 70 -47 -80 30 -58 26 -80 42 -40 -64 -85 8 67 31 13 -99 55 -29 -23 95 96 -51 77 61 -46 98 -94 47 -79 20 -91 41 73 80 -29 66 6 -59 7 16 -22 -27 74 -56 -97 -13 96 59 58 -77 53 3 -28 29 -36 
62 -33
-30 74 -52 40 33 89 -37 13 -91 79 69 -49 -15 -16 -21 8 -92 -27 -38 -5 -82 -80 -98 -59 23 -44 -36 -99 20 40 -73 40 -37 -25 -70 97 -86 -7 9 74 -29 -73 -76 6 -39 -47 -86 -31 26 -24 64 45 -54 17 86 19 73 100 20 -58 40 -3 
