100
85 41
38 72
69 80
68 65
22 96
67 49
61 51
87 63
24 66
83 80
60 71
52 64
60 90
31 49
99 23
11 94
24 25
15 51
39 13
97 67
76 19
33 12
18 99
35 92
0 74
71 95
33 39
32 39
45 37
71 57
5 95
24 71
8 86
54 51
24 74
70 75
63 33
99 29
94 58
13 52
99 35
57 46
23 71
3 17
48 94
18 77
11 83
25 83
62 59
78 2
7 86
65 94
32 80
84 39
65 60
61 72
84 58
72 8
19 12
49 47
59 49
52 71
22 34
20 21
33 92
39 80
9 74
97 28
93 100
25 29
66 4
81 79
21 98
62 91
4 82
100 59
1 34
80 51
69 92
39 77
97 38
34 51
19 35
1 22
9 67
31 90
11 82
84 51
70 78
42 74
88 100
80 53
62 57
51 32
63 48
46 92
61 4
98 31
52 69
20 88
